200000 0.007357 217.483436  
400000 0.015881 201.497865  
600000 0.024730 194.096497  
800000 0.034390 186.100758  
1000000 0.044902 178.165441  
1200000 0.057525 166.884197  
1500000 0.074288 161.533727  
2000000 0.104778 152.703737  
2500000 0.139458 143.412414  
3000000 0.170406 140.840026  
3500000 0.207874 134.696941  
4000000 0.239883 133.398395  
4500000 0.273962 131.405075  
5000000 0.305286 131.024606  
5500000 0.339492 129.605470  
6000000 0.369699 129.835352  
6500000 0.407458 127.620569  
7000000 0.439167 127.514128  
7500000 0.473724 126.655994  
8000000 0.505252 126.669493  
8500000 0.537036 126.620948  
9000000 0.560919 128.360823  
9500000 0.604730 125.675895  
10000000 0.632226 126.537031  
11000000 0.701978 125.360060  
12000000 0.774351 123.974767  
13000000 0.839799 123.839132  
14000000 0.902326 124.123639  
50000000 3.526302 113.433276  
100000000 8.605293 92.966038  
